Name,SBQQ__Category__c,SBQQ__ConfigurationFieldSet__c,SBQQ__ConfiguredSKU__c,SBQQ__DiscountSchedule__c,SBQQ__DynamicProductFilterFieldSet__c,SBQQ__DynamicProductLookupFieldSet__c,SBQQ__MaxOptionCount__c,SBQQ__MinOptionCount__c,SBQQ__Number__c,SBQQ__OptionSelectionMethod__c,Errors,Id
Usage,,,01t25000006xQOzAAM,,,,,1,100,,,a0n25000003lM6bAAE
Usage Meters,,,01t25000006xQP0AAM,,,,,0,100,,,a0n25000003lM6cAAE
